3
5
7
9
5
5
7
3
5
6
6
2
7
6
11
30
6
10
2
11
9
10
9
4
3
5
7
5
6
5
8
5
22
29
9
3
13
8
11
14
14
9
5
9
10
10
10
7
7
36
75
24
11
3
12
8
7
38
19
11
6
12
12
21
10
14
15
11
103
41
36
13
35
27
19
6
9
26
24
11
20
8
24
13
25
12
128
61
8
19
29
12
19
12
15
24
20
20
35
11
37
16
35
15
143
52
22
9
37
11
32
16
31
24
43
27
33
19
35
11
78
15
222
54
30
15
30
58
31
62
25
60
35
72
51
29
23
46
27
33
336
107
68
19
25
47
33
51
23
50
108
41
31
68
58
38
52
31
341
127
52
38
42
98
27
94
39
68
36
79
33
70
75
26
33
105
321
170
106
29
33
48
57
34
40
68
32
48
26
51
33
77
59
30
368
132
29
78
51
57
25
79
31
63
22
64
28
59
66
49
40
44
172
237
39
74
45
30
38
64
34
58
29
66
37
39
20
45
26
83
105
309
39
58
35
51
32
72
32
41
23
68
38
69
31
64
19
65
111
304
27
76
23
82
29
56
24
55
18
55
40
75
36
65
20
68
112
303
24
51
39
77
29
109
39
95
43
76
56
116
43
141
37
91
151
420
42
71
0
84
0
78
0
70
0
92
0
80
0
85
0
119
0
393
0
59
