-0.333333
-0.000000
-0.142856
-0.400000
-0.200000
0.000000
0.285714
-0.333333
-0.230770
-1.000000
0.090910
-1.000000
-0.428571
-0.333333
-0.636364
-0.450980
-0.714286
-0.666667
-1.000000
0.124999
0.076923
-0.200000
0.266666
-0.500000
-0.066667
-0.600000
-0.076923
-1.000000
-0.666667
-0.777778
-0.357143
-1.000000
-0.458335
-0.586208
-0.466666
-1.000000
-0.000001
-0.090909
-0.636364
-0.280001
-0.038462
-0.555556
-0.600000
-0.000001
-0.380954
-0.411765
-0.333333
-0.714286
-1.000000
-0.829787
-0.259258
-0.583333
-0.423077
-1.000000
-0.111111
-0.750000
-0.142857
0.562501
0.235296
-0.272727
-0.333333
0.034483
-0.500000
-0.411763
-0.190476
-0.647059
-0.120000
-0.272727
-0.552485
-0.619048
-0.214287
-0.692308
-0.388891
-0.629632
-0.052631
-0.666667
-0.333333
-0.181818
-0.000001
-0.272727
0.100000
-0.750000
0.155559
-0.076923
0.111111
-0.500000
-0.393203
-0.573770
-0.500000
-0.750001
-0.040000
-0.500000
0.258066
-0.333333
0.342856
-0.166668
0.240001
-0.200001
0.166664
-0.454545
-0.355556
-0.529412
0.037036
-0.600000
-0.031128
-0.807694
-0.403846
-0.777778
0.203124
-0.272727
0.362319
-0.250001
0.080646
-0.076923
0.589042
-0.185185
0.180328
-0.263158
0.227274
-0.636364
0.121214
-0.333334
-0.099696
-0.703704
-0.197184
-0.866667
-0.300000
-0.424657
-0.419355
-0.279280
-0.439999
-0.184616
-0.428572
-0.171428
-0.300001
-0.448275
-0.565219
-0.426232
-0.560001
-0.708335
-0.433566
-0.570095
-0.410257
-0.789475
-0.440000
-0.287126
-0.399999
-0.245283
-0.521739
-0.163266
0.096779
-0.268291
-0.381444
-0.588235
-0.410851
-0.578947
-0.451615
-0.483870
-0.462158
-0.590551
-0.567568
-0.736842
-0.404763
-0.168832
-0.259258
-0.078010
-0.512821
0.074383
-0.222223
0.094018
-0.545455
-0.489052
-0.312502
-0.692309
-0.727274
-0.506494
-0.495597
-0.611766
-0.654763
-0.793104
-0.636365
-0.252527
-0.391669
-0.470588
-0.575000
-0.203540
-0.181820
-0.111113
-0.576923
-0.321431
-0.696971
-0.447369
-0.475730
-0.533335
-0.466459
-0.636365
-0.793103
-0.693333
-0.647061
-0.415098
-0.600002
-0.286819
-0.387097
0.029707
-0.636365
-0.333333
-0.750000
-0.448276
-0.586777
-0.632655
-0.519999
-0.432099
-0.654254
-0.607617
-0.846155
-0.724637
-0.387754
-0.048387
-0.526317
-0.110000
-0.558825
0.148149
-0.689657
0.230157
-0.459459
0.010637
-0.900000
-0.553398
-0.653846
-0.226561
-0.647621
-0.431439
-0.692309
-0.594593
-0.514286
0.099998
-0.499999
-0.000002
-0.875000
0.194806
-0.391304
0.380951
-0.657895
0.353386
-0.612904
0.176470
-0.368421
-0.228813
-0.729730
-0.217768
-0.703704
-0.458598
-0.739131
0.276594
-0.586207
0.247527
-0.750001
0.425532
-0.777778
0.555555
-0.749999
0.233576
-0.611112
0.702288
-0.700000
0.009259
-0.678572
-0.042856
-0.541668
-0.180850
-0.615385
0.534247
-0.827587
0.629833
-0.717949
0.407646
-0.906977
0.654411
-0.785714
0.613531
-0.906976
0.599136
-0.783785
0.807690
-0.788080
0.512470
-0.976191
0.316551
0.000000
0.874013
0.000000
0.936505
0.000000
0.843751
0.000000
0.834586
0.000000
0.940172
0.000000
0.955883
0.000000
0.987807
0.000000
0.899668
0.000000
0.636365
